0
3
E779
10
50
1
30
96.0

0
3
F1068
12
0
0
20
300.0

0
4
C425
13
22
3
56
478.0

0
4
D5689
17
45
1
20
134.0

0
4
D4689
12
0
3
50
170.5

1
2
D8946
15
30
1
30
300.0

1
3
T8969
6
30
0
30
30.5

1
12
S134
13
22
2
31
310.0

1
11
S666
8
7
1
48
30.0

2
3
B569
4
8
10
0
568.0

2
11
B1102
23
5
3
0
58.0

2
10
B345
21
6
2
45
123.0

2
10
B434
3
34
1
40
160.0

2
7
B415
6
34
2
10
167.0

2
5
B777
21
20
2
34
300.0

2
8
B568
4
59
3
50
340.0

2
1
B122
1
34
5
5
400.0

3
4
F5666
5
10
2
20
305.0

3
13
C468
7
56
7
20
144.0

3
0
C4865
15
22
1
34
99.0

3
8
C346
15
15
2
59
240.0

3
2
C675
13
24
1
30
40.0

3
1
C447
11
32
2
2
300.0

4
0
A8999
12
0
3
0
150.0

4
3
S659
23
24
4
57
480.0

4
5
S112
3
48
2
17
170.0

5
2
D51101
15
56
1
0
100.0

5
4
F5669
2
50
2
0
20.0

6
7
X123
12
0
1
0
100.0

7
8
L1101
12
0
3
12
200.0

7
2
L77
17
48
3
0
230.0

7
6
L232
15
14
1
26
146.0

8
3
G79
20
30
5
0
500.0

8
9
G99
14
20
2
5
150.0

8
2
G236
9
46
1
23
90.0

8
13
G44
11
13
8
0
300.0

8
7
G777
2
35
4
35
260.0

9
10
Z439
10
20
2
56
230.0

9
12
Z326
11
11
2
0
204.0

9
8
Z321
22
22
2
34
234.0

10
9
Z105
19
30
4
0
260.0

10
12
Z956
13
34
2
23
150.0

10
2
Z768
14
34
1
49
128.0

11
1
T998
22
8
0
56
30.0

11
2
T454
4
32
1
30
498.0

12
9
N457
14
56
3
58
279.0

12
1
N4892
9
48
1
25
260.0

12
10
N8471
3
40
0
30
45.0

13
3
G4865
12
59
2
40
260.0

13
3
G754
11
20
1
30
140.0

13
3
G898
4
43
0
50
200.0

13
8
G454
1
23
2
0
90.0

13
12
W123
1
1
1
1
100.0

